1 0 0 0
2 29.8119 3.0333 0.00302635
3 13.904 0.0176239 0.00245415
4 -15.6189 5.90206 -0.00881511
5 -45.0757 18.9059 -0.0264639
6 -64.5202 14.7169 -0.026361
7 -75.3914 39.3778 -0.0479718
8 -100.161 32.2072 -0.0478356
9 -130.604 23.2311 -0.0481299
10 -158.646 15.2979 -0.0484687
11 -179.513 7.14185 -0.0462439
12 -192.541 -3.81327 -0.0386317
13 -211.717 -4.99097 -0.0481955
14 -213.769 -8.83639 -0.0475936
15 -220.574 -17.5944 -0.0447727
16 -223.138 -21.3964 -0.0504766
17 -199.326 -37.3193 -0.0382922
18 -191.836 -41.7998 -0.0386117
19 -166.757 -48.2766 -0.0303296
20 -141.626 -53.3562 -0.0192254
21 -128.405 -53.4322 -0.0120359
22 -133.483 -45.9135 -0.0154482
23 -139.705 -38.9682 -0.0191549
24 -144.263 -34.7417 -0.0220783
25 -143.211 -30.4795 -0.0261506
26 -143.291 -22.7487 -0.0346988
27 -134.668 -19.2178 -0.0381338
28 -121.61 -15.9768 -0.0382954
29 -104.924 -13.369 -0.0371926
30 -90.4829 -9.49562 -0.0371745
31 -70.986 -9.44809 -0.0332085
32 -56.8734 -6.3029 -0.0325466
33 -47.4779 0.0631877 -0.035898
34 -42.095 9.12851 -0.0422958
35 -40.0642 16.9868 -0.0472757
36 -37.7752 19.3566 -0.047622
37 -37.5955 22.1086 -0.0502809
38 -32.917 21.8932 -0.0478403
39 -30.2136 24.6751 -0.0493703
40 -21.8747 21.5478 -0.0450774
41 -18.916 16.8695 -0.0373714
42 -19.2364 14.9987 -0.0313424
43 -10.0387 11.6609 -0.0188895
44 -12.6393 13.5101 -0.0126142
45 -19.4243 18.0413 -0.00967657
46 -21.4252 20.5249 -0.004602
47 -19.5389 21.6702 -0.00161084
48 -13.3903 19.7863 -0.000210016
49 -14.5953 16.7153 0.000427169
50 -23.6475 14.0485 0.000363524
51 -33.6083 14.224 -0.00221389
52 -31.5017 11.1863 0.00071813
53 -29.1671 10.6201 -0.00130644
54 -22.1947 7.72481 -0.000409788
55 -21.0554 5.54633 -5.60356e-05
56 -20.1749 4.92684 -0.00306291
57 -17.6012 2.58579 -0.00209739
58 -15.4914 5.7238 -0.00740797
59 -7.98425 4.07055 -0.00851111
60 -5.20728 2.48206 -0.00713013
61 -9.30905 4.74064 -0.0108429
62 -9.64747 5.72458 -0.0135444
