1 81.5795 -65.3112 0.0781939
2 57.5489 -12.4741 0.0232505
3 64.8948 -18.9502 0.0302245
4 60.3627 -22.1641 0.0319022
5 47.5525 -8.54869 0.0162552
6 41.0777 -33.1365 0.035094
7 58.1336 1.91197 0.0116292
8 66.2525 5.97796 0.0108485
9 65.0722 6.84858 0.00954185
10 58.2906 8.94386 0.00544604
11 51.7764 12.0104 0.00116412
12 57.0076 2.98297 0.0178905
13 39.8217 7.01191 0.00716726
14 43.6239 12.7426 0.00535155
15 35.1755 10.0839 0.0119954
16 6.77399 22.891 -0.00612198
17 18.797 12.3729 0.00494187
18 -2.6962 14.9881 -0.00535242
19 -4.58266 13.3899 -0.0091039
20 8.05272 7.17846 -0.00465389
21 27.2031 -1.47975 0.00651093
22 28.8819 -1.59679 0.00729152
23 27.0005 0.380175 0.00721826
24 21.1664 -0.783992 0.00958059
25 20.8169 -4.80184 0.0145139
26 9.98014 -1.10042 0.00939502
27 2.96096 -1.2367 0.00595776
28 -3.01912 -1.13884 0.00461492
29 -3.69437 -2.4877 0.00516023
30 -10.8425 0.772545 0.00119956
31 -6.83133 -3.36889 0.00508278
32 -2.88457 -7.96163 0.0100497
33 0.80938 -11.7698 0.0137783
34 3.83609 -10.9321 0.0124486
35 3.4585 -5.81587 0.00813026
36 4.86634 -6.20996 0.0101277
37 -0.156133 -3.54831 0.00513445
38 0.639217 -6.0334 0.00836707
39 -5.41073 0.547666 0.00136334
40 -0.14578 2.40535 -0.00310518
41 1.95825 0.00214129 -0.00322925
42 -7.08228 1.13129 -0.0105657
43 5.66009 -4.71333 -0.0048838
44 10.0656 -7.74491 -0.00228789
45 4.92207 -5.8091 -0.00485478
46 0.253487 -4.15462 -0.0029708
47 -3.65852 -0.662501 -0.00145974
48 5.08941 0.888533 -0.000647277
49 14.2325 0.518302 0.000352273
50 14.7972 -1.89656 0.00250555
51 2.28558 1.45105 -0.00274726
52 1.09419 -0.58859 0.00208938
53 -3.72046 2.05013 -0.000825491
54 1.93961 1.45218 0.00011836
55 1.79411 0.156124 0.00344774
56 -0.325031 1.48795 0.000208936
57 -0.913112 -3.74546 0.0066188
58 -6.60994 1.21561 0.00230093
59 -1.32549 0.822628 0.000378321
60 5.56477 -3.20172 0.00592644
61 1.54859 -2.25888 0.00558558
62 -0.666206 -3.7374 0.00786032
